# Medidas que simulam um levantamento magnetométrico.
# Havia duas fontes (imas cilindricos). Um estava com
# magnetizacao vertical e o outro estava inclinado.
# Nao foi possivel medir na area toda.
# Mcf X (cm) Y (cm)
0 0 -1
1 0 0
2 0 1
3 0 2
4 0 3
5 0 4
6 0 5
7 0 6
8 0 7
9 0 8
10 0 9
11 0 10
12 0 11
13 0 12
14 0 13
15 0 14
16 0 15
17 0 16
18 0 17
19 0 18
20 0 19
21 0 20
22 0 21
23 0 22
24 0 23
25 0 24
26 0 25
27 0 26
28 2 27
29 2 26
30 2 25
31 2 24
32 2 23
33 2 22
34 2 21
35 2 20
36 2 19
37 2 18
38 2 17
39 2 16
40 2 15
41 2 14
42 2 13
43 2 12
44 2 11
45 2 10
46 2 9
47 2 8
48 2 7
49 2 6
50 2 5
51 2 4
52 2 3
53 2 2
54 2 1
55 2 0
56 2 -1
57 4 -1
58 4 0
59 4 1
60 4 2
61 4 3
62 4 4
63 4 5
64 4 6
65 4 7
66 4 8
67 4 9
68 4 10
69 4 11
70 4 12
71 4 13
72 4 14
73 4 15
74 4 16
75 4 17
76 4 18
77 4 19
78 4 20
79 4 21
80 4 22
81 4 23
82 4 24
83 4 25
84 5 26
85 6 26
86 6 25
87 6 24
88 6 23
89 6 22
90 6 21
91 6 20
92 6 19
93 6 18
94 6 17
95 6 16
96 6 15
97 6 14
98 6 13
99 6 12
100 6 11
101 6 10
102 6 9
103 6 8
104 6 7
105 6 6
106 6 5
107 6 4
108 6 3
109 6 2
110 6 1
111 6 0
112 6 -1
113 8 -1
114 8 0
115 8 1
116 8 2
117 8 3
118 8 4
119 8 5
120 8 6
121 8 7
122 8 8
123 8 9
124 8 10
125 8 11
126 8 12
127 8 13
128 8 14
129 8 15
130 8 16
131 8 17
132 8 18
133 8 19
134 8 20
135 8 21
136 8 22
137 8 23
138 8 24
139 8 25
140 8 26
141 10 26
142 10 25
143 10 24
144 10 23
145 10 22
146 10 21
147 10 20
148 10 19
149 10 18
150 10 17
151 10 16
152 10 15
153 10 14
154 10 13
155 10 12
156 10 11
157 10 10
158 10 9
159 10 8
160 10 7
161 10 6
162 10 5
163 10 4
164 10 3
165 10 2
166 10 1
167 10 0
168 10 -1
169 12 -1
170 12 0
171 12 1
172 12 2
173 12 3
174 12 4
175 12 5
176 12 6
177 12 7
178 12 8
179 12 9
180 12 10
181 12 11
182 12 12
183 12 13
184 12 14
185 12 15
186 12 16
187 12 17
188 12 18
189 12 19
190 12 20
191 12 21
192 12 22
193 12 23
194 12 24
195 12 25
196 12 26
197 14 26
198 14 25
199 14 24
200 14 23
201 14 22
202 14 21
203 14 20
204 14 19
205 14 18
206 14 17
207 14 16
208 14 15
209 14 14
210 14 13
211 14 12
212 14 11
213 14 10
214 14 9
215 14 8
216 14 7
217 14 6
218 14 5
219 14 4
220 14 3
221 14 2
222 14 1
223 14 0
224 14 -1
